=== default ===
0	1	2	3	4	5	6	7	8	9	10	11
12	13	14	15	16	17	18	19	20	21	22	23
24	25	26	27	28	29	30	31	32	33	34	35
36	37	38	39	40	41	42	43	44	45	46	47
48	49	50	51	52	53	54	55	56	57	58	59
60	61	62	63	64	65	66	67	68	69	70	71
72	73	74	75	76	77	78	79	80	81	82	83
84	85	86	87	88	89	90	91	92	93	94	95

 Average Energy = 4.0

4	4	4	4	4	4	4	4	4	4	4	4
4	4	4	4	4	4	4	4	4	4	4	4
4	4	4	4	4	4	4	4	4	4	4	4
4	4	4	4	4	4	4	4	4	4	4	4
4	4	4	4	4	4	4	4	4	4	4	4
4	4	4	4	4	4	4	4	4	4	4	4
4	4	4	4	4	4	4	4	4	4	4	4
4	4	4	4	4	4	4	4	4	4	4	4

=== swap ===
1	0	2	3	4	5	6	7	8	9	10	11
12	13	14	15	16	17	18	19	20	21	22	23
24	25	26	27	28	29	30	31	32	33	34	35
36	37	38	39	40	41	42	43	44	45	46	47
48	49	50	51	52	53	54	55	56	57	58	59
60	61	62	63	64	65	66	67	68	69	70	71
72	73	74	75	76	77	78	79	80	81	82	83
84	85	86	87	88	89	90	91	92	93	94	95

 Average Energy = 3.9270833333333335

2	2	3	4	4	4	4	4	4	4	4	4
3	3	4	4	4	4	4	4	4	4	4	4
4	4	4	4	4	4	4	4	4	4	4	4
4	4	4	4	4	4	4	4	4	4	4	4
4	4	4	4	4	4	4	4	4	4	4	4
4	4	4	4	4	4	4	4	4	4	4	4
4	4	4	4	4	4	4	4	4	4	4	4
4	4	4	4	4	4	4	4	4	4	4	4

=== random ===
50	62	70	2	39	20	43	92	10	60	56	79
83	40	3	22	76	45	11	29	95	4	7	73
16	35	47	52	18	84	55	75	9	5	88	48
6	15	12	44	72	94	63	69	33	25	30	36
27	77	26	49	86	66	19	38	23	65	90	78
85	1	0	13	46	31	21	71	89	42	80	54
53	24	67	93	17	57	14	59	81	37	32	28
58	8	74	82	87	51	64	61	41	34	91	68

 Average Energy = 0.1875

1	1	0	1	0	0	0	0	1	0	0	0
0	0	0	0	0	0	0	0	0	1	0	0
0	1	1	0	0	0	0	0	0	1	0	1
0	0	0	0	0	0	0	0	0	0	0	1
0	0	0	0	0	0	0	0	0	0	1	1
0	1	1	0	0	0	0	1	0	0	0	0
0	0	0	0	0	0	0	1	0	0	0	0
0	0	0	0	1	0	0	0	0	0	1	0

=== minimized 4x6 quadrant ===
0	-16
1	-15
2	-14
3	-12
4	-9
5	-11
6	-9
7	-5
8	-2
9	-2
10	-1
11	0
23	9	12	11	18	20
14	7	22	1	10	3
2	21	6	15	8	19
4	17	5	13	16	0

0	0	0	0	0	0
0	0	0	0	0	0
0	0	0	0	0	0
0	0	0	0	0	0

 Step = 12, Average Energy = 0.0

=== minimized 8x12 default ===
0	-16
1	-16
2	-16
3	-16
4	-16
5	-16
6	-16
7	-16
8	-16
9	-16
10	-16
11	-16
12	-15
13	-15
14	-14
15	-14
16	-14
17	-14
18	-14
19	-8
20	-14
21	-13
22	-12
23	-12
24	-7
25	-5
26	-3
27	-3
28	-2
29	-2
30	-2
31	-2
32	-2
33	-2
34	-2
35	-2
36	-2
37	-1
38	-1
39	-1
40	-1
41	-1
42	-1
43	-1
44	-1
45	-1
46	-1
47	-1
48	-1
49	-1
50	-1
51	-1
52	-1
53	-1
54	-1
55	-1
56	-1
57	-1
58	-1
59	-1
60	-1
61	-1
62	-1
63	-1
64	-1
65	-1
66	-1
67	-1
68	-1
69	-1
70	-1
71	-1
72	-1
73	-1
74	-1
75	-1
76	-1
77	-1
78	-1
79	-1
80	-1
81	-1
82	-1
83	-1
84	0
46	90	39	53	40	92	47	15	36	87	91	76
95	41	4	1	74	17	77	19	57	21	58	89
79	93	7	14	29	9	30	50	32	81	34	68
86	75	38	11	60	66	61	43	37	5	26	8
25	55	31	51	18	23	54	0	56	20	24	94
71	42	62	49	64	88	48	67	35	69	22	45
2	73	33	84	70	52	78	16	80	63	82	85
6	83	28	3	27	65	44	10	13	59	72	12

0	0	0	0	0	0	0	0	0	0	0	0
0	0	0	0	0	0	0	0	0	0	0	0
0	0	0	0	0	0	0	0	0	0	0	0
0	0	0	0	0	0	0	0	0	0	0	0
0	0	0	0	0	0	0	0	0	0	0	0
0	0	0	0	0	0	0	0	0	0	0	0
0	0	0	0	0	0	0	0	0	0	0	0
0	0	0	0	0	0	0	0	0	0	0	0

 Step = 85, Average Energy = 0.0

=== larger: 384-well plate ===
0	-16
1	-16
2	-16
3	-16
4	-16
5	-16
6	-16
7	-16
8	-16
9	-16
10	-16
11	-16
12	-16
13	-16
14	-16
15	-16
16	-16
17	-16
18	-16
19	-16
20	-16
21	-16
22	-16
23	-16
24	-16
25	-16
26	-16
27	-16
28	-16
29	-16
30	-16
31	-16
32	-16
33	-16
34	-16
35	-16
36	-16
37	-16
38	-16
39	-16
40	-16
41	-16
42	-16
43	-16
44	-16
45	-16
46	-16
47	-16
48	-16
49	-16
50	-16
51	-16
52	-16
53	-16
54	-16
55	-15
56	-14
57	-14
58	-14
59	-14
60	-14
61	-14
62	-14
63	-14
64	-14
65	-14
66	-14
67	-14
68	-14
69	-14
70	-13
71	-12
72	-12
73	-12
74	-12
75	-12
76	-12
77	-12
78	-12
79	-12
80	-12
81	-12
82	-12
83	-12
84	-12
85	-12
86	-12
87	-12
88	-12
89	-11
90	-11
91	-10
92	-9
93	-8
94	-8
95	-8
96	-8
97	-8
98	-8
99	-8
100	-8
101	-8
102	-8
103	-8
104	-7
105	-6
106	-5
107	-5
108	-5
109	-4
110	-4
111	-4
112	-4
113	-4
114	-4
115	-3
116	-3
117	-2
118	-2
119	-2
120	-2
121	-2
122	-2
123	-2
124	-2
125	-2
126	-2
127	-2
128	-2
129	-2
130	-2
131	-1
132	0
276	103	370	288	368	365	240	375	363	361	376	381	95	168	312	215	380	131	377	49	374	167	192	115
206	177	200	27	34	29	251	31	99	33	28	35	274	37	356	39	147	160	42	74	183	45	342	336
359	19	50	91	52	79	54	172	56	122	58	331	60	222	62	205	64	346	268	279	68	202	70	303
326	73	43	75	241	77	338	53	318	81	231	83	333	85	347	87	218	89	224	51	158	93	245	12
372	278	98	32	100	300	102	1	348	334	106	197	117	297	157	249	112	188	114	23	116	108	118	379
238	121	57	123	293	125	299	285	128	178	140	17	132	291	134	196	226	137	266	139	130	141	186	360
191	149	146	40	148	145	150	295	306	176	154	322	314	110	92	159	41	354	162	208	164	256	166	21
13	169	328	171	55	173	213	175	153	25	129	179	270	181	260	44	383	185	142	187	113	189	225	144
22	228	194	209	135	107	198	316	26	201	69	272	204	63	24	207	163	195	210	319	212	174	214	15
367	217	88	219	230	221	61	223	90	190	136	227	193	229	220	82	232	341	253	235	382	323	120	327
6	76	242	262	244	94	246	344	248	111	250	30	252	234	254	301	165	257	310	357	182	261	243	366
364	265	138	267	66	269	180	271	203	273	36	275	0	277	97	67	280	296	282	325	284	127	286	369
3	304	290	133	292	124	294	151	281	109	298	126	101	255	302	71	289	305	152	307	313	309	258	362
14	308	156	315	199	317	80	211	320	352	155	237	324	283	72	239	170	371	330	59	332	84	105	378
373	337	78	350	340	233	46	343	247	345	65	86	104	349	339	351	321	353	161	355	38	259	358	48
143	9	311	8	264	5	263	216	4	287	2	329	96	47	20	7	10	18	335	119	16	11	236	184

0	0	0	0	0	0	0	0	0	0	0	0	0	0	0	0	0	0	0	0	0	0	0	0
0	0	0	0	0	0	0	0	0	0	0	0	0	0	0	0	0	0	0	0	0	0	0	0
0	0	0	0	0	0	0	0	0	0	0	0	0	0	0	0	0	0	0	0	0	0	0	0
0	0	0	0	0	0	0	0	0	0	0	0	0	0	0	0	0	0	0	0	0	0	0	0
0	0	0	0	0	0	0	0	0	0	0	0	0	0	0	0	0	0	0	0	0	0	0	0
0	0	0	0	0	0	0	0	0	0	0	0	0	0	0	0	0	0	0	0	0	0	0	0
0	0	0	0	0	0	0	0	0	0	0	0	0	0	0	0	0	0	0	0	0	0	0	0
0	0	0	0	0	0	0	0	0	0	0	0	0	0	0	0	0	0	0	0	0	0	0	0
0	0	0	0	0	0	0	0	0	0	0	0	0	0	0	0	0	0	0	0	0	0	0	0
0	0	0	0	0	0	0	0	0	0	0	0	0	0	0	0	0	0	0	0	0	0	0	0
0	0	0	0	0	0	0	0	0	0	0	0	0	0	0	0	0	0	0	0	0	0	0	0
0	0	0	0	0	0	0	0	0	0	0	0	0	0	0	0	0	0	0	0	0	0	0	0
0	0	0	0	0	0	0	0	0	0	0	0	0	0	0	0	0	0	0	0	0	0	0	0
0	0	0	0	0	0	0	0	0	0	0	0	0	0	0	0	0	0	0	0	0	0	0	0
0	0	0	0	0	0	0	0	0	0	0	0	0	0	0	0	0	0	0	0	0	0	0	0
0	0	0	0	0	0	0	0	0	0	0	0	0	0	0	0	0	0	0	0	0	0	0	0

 Step = 133, Average Energy = 0.0

real    3m15.199s
user    3m1.431s
sys 0m1.077s

